24 15
454.3 454.3 454.3 454.3 454.3 454.3 454.3 454.3 454.3 454.3 454.3 454.3 454.3 454.3 454.3 
1396 829.1 672.1 622.2 608.3 608.5 610 602.1 584.5 572.1 568 575.6 605.8 696.7 1000 
1396 1065 871.1 786.2 758.5 760.5 770.4 761.1 720.7 691.3 677.2 681.2 712.6 797 1000 
1396 1188 1022 929.6 895.4 903.7 935 941.4 863.9 811.1 782.2 776 797.3 861.8 1000 
1396 1257 1129 1044 1010 1026 1094 1167 1016 930 882.9 863.1 869.2 909.4 1000 
1396 1299 1203 1131 1098 1115 1208 1500 1176 1044 978.1 944.6 934.1 948.9 1000 
1396 1326 1253 1195 1163 1168 1219 1340 1236 1130 1062 1021 996.5 986.2 1000 
1396 1344 1288 1241 1213 1209 1233 1285 1252 1188 1133 1093 1060 1027 1000 
1396 1356 1313 1276 1250 1242 1251 1274 1263 1228 1191 1160 1130 1082 1000 
1396 1364 1330 1301 1279 1270 1271 1280 1277 1259 1238 1221 1207 1173 1000 
1396 1369 1342 1319 1302 1293 1292 1295 1293 1285 1277 1274 1280 1302 1396 
1396 1373 1352 1333 1320 1312 1310 1312 1312 1311 1313 1322 1345 1396 0 
1396 1377 1360 1346 1335 1329 1327 1329 1332 1336 1345 1363 1396 0 0 
1396 1381 1367 1356 1348 1343 1343 1345 1350 1359 1373 1396 0 0 0 
1396 1384 1374 1365 1359 1356 1357 1360 1368 1379 1396 0 0 0 0 
1396 1387 1379 1372 1368 1367 1369 1374 1383 1396 0 0 0 0 0 
1396 1389 1383 1378 1376 1376 1379 1386 1396 0 0 0 0 0 0 
1396 1391 1387 1384 1383 1384 1388 1396 0 0 0 0 0 0 0 
1396 1392 1390 1388 1388 1391 1396 0 0 0 0 0 0 0 0 
1396 1393 1392 1391 1392 1396 0 0 0 0 0 0 0 0 0 
1396 1394 1394 1394 1396 0 0 0 0 0 0 0 0 0 0 
1396 1395 1395 1396 0 0 0 0 0 0 0 0 0 0 0 
1396 1395 1396 0 0 0 0 0 0 0 0 0 0 0 0 
1396 1396 0 0 0 0 0 0 0 0 0 0 0 0 0 